12
0 135 264 20 756 0 0 457 335 927 724 2 
135 0 63 822 0 876 0 592 121 898 0 127 
264 63 0 911 168 87 0 0 631 90 527 233 
20 822 911 0 557 0 392 0 373 0 0 533 
756 0 168 557 0 734 133 0 0 82 476 589 
0 876 87 0 734 0 66 655 0 312 579 454 
0 0 0 392 133 66 0 19 0 979 855 479 
457 592 0 0 0 655 19 0 490 959 103 0 
335 121 631 373 0 0 0 490 0 0 36 268 
927 898 90 0 82 312 979 959 0 0 55 895 
724 0 527 0 476 579 855 103 36 55 0 753 
2 127 233 533 589 454 479 0 268 895 753 0 
